C:\Users\qa276\Desktop\image-stitching\yard-001\IMG_3045.JPG
4032 3024

4 0 1511.5 
0 4 2015.5 
0 0 1 

-0.758347 0.0317341 -0.651078 
-0.0210253 -0.999485 -0.0242265 
-0.651512 -0.00468303 0.758624 

764.348

C:\Users\qa276\Desktop\image-stitching\yard-001\IMG_3046.JPG
4032 3024

4 0 1511.5 
0 4 2015.5 
0 0 1 

-0.895922 0.0322059 -0.443042 
-0.0250446 -0.999444 -0.022007 
-0.443504 -0.00862074 0.896231 

764.19

C:\Users\qa276\Desktop\image-stitching\yard-001\IMG_3024.JPG
4032 3024

4 0 1511.5 
0 4 2015.5 
0 0 1 

-0.996914 0.0212583 0.0755652 
-0.0211403 -0.999774 0.00236071 
0.0755981 0.000755848 0.997137 

767.527

C:\Users\qa276\Desktop\image-stitching\yard-001\IMG_3025.JPG
4032 3024

4 0 1511.5 
0 4 2015.5 
0 0 1 

-0.942784 0.0204156 0.332779 
-0.0192514 -0.999792 0.00679529 
0.332848 -7.51132e-008 0.94298 

767.42

C:\Users\qa276\Desktop\image-stitching\yard-001\IMG_3026.JPG
4032 3024

4 0 1511.5 
0 4 2015.5 
0 0 1 

-0.829449 0.0234541 0.55809 
-0.0186816 -0.999724 0.0142489 
0.55827 0.00139266 0.829658 

767.102

C:\Users\qa276\Desktop\image-stitching\yard-001\IMG_3027.JPG
4032 3024

4 0 1511.5 
0 4 2015.5 
0 0 1 

-0.679109 0.025426 0.733597 
-0.017287 -0.999677 0.0186451 
0.733833 -1.96951e-005 0.679329 

768.142

C:\Users\qa276\Desktop\image-stitching\yard-001\IMG_3028.JPG
4032 3024

4 0 1511.5 
0 4 2015.5 
0 0 1 

-0.425613 0.027877 0.904475 
-0.0119768 -0.999612 0.0251734 
0.904825 -0.000118665 0.425782 

769.517

C:\Users\qa276\Desktop\image-stitching\yard-001\IMG_3029.JPG
4032 3024

4 0 1511.5 
0 4 2015.5 
0 0 1 

-0.204576 0.0283524 0.97844 
-0.00726161 -0.999597 0.0274472 
0.978823 -0.00149011 0.204699 

770.011

C:\Users\qa276\Desktop\image-stitching\yard-001\IMG_3030.JPG
4032 3024

4 0 1511.5 
0 4 2015.5 
0 0 1 

0.0679925 0.0308141 0.99721 
-0.000452388 -0.999522 0.0309163 
0.997685 -0.00255329 -0.0679461 

769.219

C:\Users\qa276\Desktop\image-stitching\yard-001\IMG_3031.JPG
4032 3024

4 0 1511.5 
0 4 2015.5 
0 0 1 

0.356239 0.031107 0.933877 
0.00569434 -0.999499 0.0311207 
0.934377 -0.00576867 -0.356238 

769.408

C:\Users\qa276\Desktop\image-stitching\yard-001\IMG_3032.JPG
4032 3024

4 0 1511.5 
0 4 2015.5 
0 0 1 

0.601477 0.0315332 0.798267 
0.0130971 -0.999476 0.0296129 
0.798782 -0.00735654 -0.601575 

768.984

C:\Users\qa276\Desktop\image-stitching\yard-001\IMG_3033.JPG
4032 3024

4 0 1511.5 
0 4 2015.5 
0 0 1 

0.773033 0.0304302 0.633636 
0.0178533 -0.999497 0.0262194 
0.634114 -0.00895603 -0.773187 

768.34

C:\Users\qa276\Desktop\image-stitching\yard-001\IMG_3034.JPG
4032 3024

4 0 1511.5 
0 4 2015.5 
0 0 1 

0.897644 0.0181935 0.440346 
0.0136558 -0.999816 0.0134713 
0.44051 -0.00607919 -0.897727 

767.654

C:\Users\qa276\Desktop\image-stitching\yard-001\IMG_3035.JPG
4032 3024

4 0 1511.5 
0 4 2015.5 
0 0 1 

0.979982 0.0193979 0.198137 
0.0183995 -0.999807 0.00687924 
0.198232 -0.00309598 -0.98015 

768.775

C:\Users\qa276\Desktop\image-stitching\yard-001\IMG_3036.JPG
4032 3024

4 0 1511.5 
0 4 2015.5 
0 0 1 

0.994613 0.0202524 -0.101657 
0.020348 -0.999793 -9.63898e-005 
-0.101638 -0.00197273 -0.994819 

768.678

C:\Users\qa276\Desktop\image-stitching\yard-001\IMG_3037.JPG
4032 3024

4 0 1511.5 
0 4 2015.5 
0 0 1 

0.950766 0.0210946 -0.309191 
0.0206054 -0.999776 -0.00484771 
-0.309224 -0.00176201 -0.950987 

767.711

C:\Users\qa276\Desktop\image-stitching\yard-001\IMG_3038.JPG
4032 3024

4 0 1511.5 
0 4 2015.5 
0 0 1 

0.832471 0.022332 -0.553617 
0.0191627 -0.99975 -0.0115133 
-0.553736 -0.00102436 -0.832691 

769.198

C:\Users\qa276\Desktop\image-stitching\yard-001\IMG_3039.JPG
4032 3024

4 0 1511.5 
0 4 2015.5 
0 0 1 

0.658449 0.0243285 -0.752232 
0.0163374 -0.999704 -0.0180317 
-0.752448 -0.000416634 -0.658652 

769.721

C:\Users\qa276\Desktop\image-stitching\yard-001\IMG_3040.JPG
4032 3024

4 0 1511.5 
0 4 2015.5 
0 0 1 

0.423198 0.0247814 -0.905698 
0.0111378 -0.999692 -0.0221489 
-0.905968 -0.000714137 -0.423344 

770.53

C:\Users\qa276\Desktop\image-stitching\yard-001\IMG_3041.JPG
4032 3024

4 0 1511.5 
0 4 2015.5 
0 0 1 

0.211444 0.0258553 -0.977048 
0.00580451 -0.999666 -0.0251977 
-0.977373 -0.000343393 -0.211523 

771.291

C:\Users\qa276\Desktop\image-stitching\yard-001\IMG_3042.JPG
4032 3024

4 0 1511.5 
0 4 2015.5 
0 0 1 

-0.0794135 0.0270184 -0.996475 
-0.00106304 -0.999634 -0.0270193 
-0.996841 -0.0010864 0.0794131 

770.282

C:\Users\qa276\Desktop\image-stitching\yard-001\IMG_3043.JPG
4032 3024

4 0 1511.5 
0 4 2015.5 
0 0 1 

-0.325229 0.028876 -0.945194 
-0.00669801 -0.999579 -0.0282327 
-0.945611 -0.00285117 0.325285 

768.475

C:\Users\qa276\Desktop\image-stitching\yard-001\IMG_3044.JPG
4032 3024

4 0 1511.5 
0 4 2015.5 
0 0 1 

-0.537581 0.0299566 -0.842679 
-0.0122268 -0.999541 -0.0277329 
-0.843123 -0.0046054 0.537701 

766.611

